153,
20,
26,
11,
10,
45,
21,
20,
5,
15,
2570,
32,
25,
6,
10,
20,
39,
38,
15,
20,
4,
69,
15,
44,
68,
88,
85,
60,
74,
20,
85,
25,
8,
20,
30,
116,
14,
44,
7,
61,
40,
32,
20,
26,
10,
29,
25,
18,
30,
35,
49,
30,
293,
59,
19,
20,
15,
5,
25,
84,
20,
30,
53,
18,
34,
2,
29,
42,
1187,
35,
20,
10,
190,
205,
20,
127,
152,
163,
30,
5,
10,
62,
63,
20,
47,
30,
19,
29,
129,
30,
20,
128,
76,
5,
12,
74,
20,
5,
72,
129,
42,
23,
4860,
40,
431,
48,
42,
862,
180,
14,
1570,
40,
61,
20,
35,
25,
154,
104,
10,
30,
26,
10,
116,
49,
43,
45,
3,
10,
20,
6,
15,
87,
17,
200,
35,
30,
10,
6,
35,
15,
10,
40,
65,
88,
25,
8,
10,
55,
26,
59,
35,
68,
23,
33,
20,
38,
260,
20,
40,
4,
55,
15,
35,
85,
154,
3,
34,
109,
56,
7,
40,
10,
25,
25,
47,
2259,
10,
14,
47,
35,
92,
76,
2059,
53,
26,
58,
85,
2194,
117,
97,
30,
16,
4,
2254,
100,
20,
25,
305,
10,
33,
105,
160,
110,
20,
26,
20,
5,
1792,
68,
34,
10,
14,
28,
84,
37,
40,
239,
15,
99,
11,
20,
202,
100,
50,
15,
30,
58,
5,
6,
61,
63,
36,
60,
20,
80,
8,
10,
33,
37,
23,
15,
115,
24,
2,
20,
4,
25,
120,
25,
25,
30,
47,
20,
16,
15,
40,
50,
32,
60,
29,
18,
66,
70,
5,
70,
10,
16,
3822,
150,
115,
10,
20,
23,
25,
68,
90,
63,
20,
71,
1956,
31,
15,
10,
125,
93,
19,
25,
20,
12,
40,
13,
7,
18,
8,
62,
62,
110,
10,
110,
28,
73,
237,
25,
5,
40,
8,
55,
70,
10,
35,
22,
107,
25,
35,
180,
40,
90,
10,
50,
50,
16,
63,
16,
80,
10,
19,
30,
40,
40,
13,
15,
26,
56,
4,
20,
49,
20,
151,
20,
50,
104,
40,
40,
10,
20,
45,
15,
46,
10,
77,
17,
123,
9,
8,
15,
40,
10,
40,
20,
4,
10,
145,
35,
2783,
129,
10,
20,
74,
30,
176,
864,
26,
10,
11,
14,
134,
1578,
40,
50,
6,
10,
5,
14,
45,
15,
31,
15,
5,
75,
20,
30,
20,
15,
8,
90,
30,
55,
3,
2073,
10,
21,
88,
3,
10,
80,
50,
20,
30,
50,
40,
100,
100,
45,
19,
38,
10,
65,
35,
10,
35,
11,
150,
20,
53,
3118,
20,
35,
432,
102,
6,
61,
46,
23,
8,
4,
79,
16,
16,
13,
34,
90,
13,
21,
4,
2,
22,
15,
10,
5079,
7,
10,
10,
4,
52,
23,
80,
15,
20,
50,
10,
10,
2250,
58,
89,
40,
8,
20,
38,
2214,
20,
10,
10,
30,
25,
20,
80,
160,
11,
24,
15,
12,
23,
32,
8,
65,
30,
58,
69,
1920,
20,
20,
10,
629,
10,
68,
142,
40,
56,
20,
20,
24,
70,
38,
58,
10,
59,
48,
70,
20,
63,
171,
24,
60,
9,
33,
148,
27,
74,
5,
2341,
97,
20,
55,
13,
30,
15,
10,
20,
50,
136,
10,
58,
45,
74,
2097,
149,
24,
25,
54,
33,
25,
194,
22,
97,
25,
90,
76,
85,
40,
33,
13,
182,
10,
36,
14,
30,
90,
52,
30,
45,
18,
15,
2,
13,
75,
116,
82,
20,
95,
20,
90,
24,
6,
5,
30,
33,
10,
65,
64,
24,
1435,
73,
27,
80,
20,
45,
20,
4,
10,
75,
28,
65,
120,
100,
39,
18,
37,
27,
10,
50,
20,
5,
12,
31,
297,
4,
28,
10,
10,
80,
29,
11,
10,
10,
5,
50,
15,
10,
10,
250,
20,
55,
18,
249,
37,
5,
65,
20,
273,
10,
129,
80,
20,
35,
20,
15,
161,
60,
65,
1,
76,
60,
63,
10,
30,
129,
5,
80,
50,
3628,
30,
40,
4,
3446,
38,
15,
32,
10,
20,
58,
40,
110,
10,
82,
80,
15,
40,
10,
37,
15,
96,
45,
30,
24,
79,
2865,
133,
54,
1,
8,
20,
190,
20,
30,
13,
60,
30,
10,
10,
55,
107,
1666,
48,
1516,
5742,
118,
57,
4,
9,
15,
21,
19,
79,
10,
2,
5,
69,
46,
16,
110,
45,
15,
25,
36,
199,
10,
55,
125,
169,
21,
1859,
40,
10,
30,
51,
17,
85,
70,
105,
45,
175,
19,
9,
30,
43,
5,
10,
18,
31,
113,
83,
20,
5,
45,
4,
45,
20,
140,
29,
30,
32,
5,
45,
10,
165,
8,
38,
29,
15,
130,
5,
2,
30,
8,
8,
20,
46,
10,
10,
89,
70,
23,
6,
3163,
34,
68,
43,
15,
90,
105,
8,
20,
10,
12,
5,
30,
20,
92,
5,
66,
30,
132,
45,
40,
15,
174,
189,
40,
20,
10,
6,
54,
21,
35,
20,
20,
20,
18,
20,
1248,
40,
10,
24,
121,
2363,
80,
85,
29,
108,
6,
8,
15,
25,
6,
20,
5,
20,
15,
70,
35,
45,
71,
83,
60,
45,
40,
7,
10,
12,
15,
25,
5,
30,
19,
18,
15,
118,
30,
35,
36,
178,
67,
4951,
16,
20,
43,
50,
202,
25,
30,
41,
10,
14,
66,
46,
80,
16,
1,
8,
10,
20,
60,
130,
10,
31,
30,
38,
2,
20,
20,
10,
70,
120,
113,
50,
40,
40,
88,
29,
98,
5,
10,
15,
35,
26,
18,
79,
26,
15,
20,
96,
34,
31,
30,
5816,
20,
55,
6,
60,
16,
51,
10,
10,
4,
13,
6,
57,
15,
94,
22,
46,
13,
9,
910,
80,
30,
9,
25,
20,
10,
23,
23,
10,
15,
10,
12,
5,
15,
398,
40,
169,
160,
13,
30,
10,
385,
20,
15,
20,
10,
20,
106,
39,
10,
24,
15,
35,
20,
28,
38,
138,
3,
14,
20,
15,
30,
120,
60,
2139,
20,
10,
9,
30,
30,
7,
20,
20,
4,
20,
130,
20,
30,
30,
50,
10,
49,
18,
2230,
15,
69,
30,
30,
2443,
5,
60,
5,
58,
80,
45,
5,
68,
80,
47,
80,
25,
32,
10,
10,
4,
20,
30,
129,
16,
66,
10,
10,
14,
15,
60,
46,
10,
2,
33,
30,
102,
30,
143,
5,
29,
26,
50,
10,
20,
9,
60,
20,
40,
20,
50,
55,
92,
15,
10,
20,
10,
16,
85,
67,
30,
29,
14,
25,
10,
59,
22,
20,
7,
41,
24,
162,
18,
35,
45,
108,
8,
7,
54,
60,
36,
10,
20,
2,
10,
14,
50,
15,
30,
74,
136,
115,
10,
65,
20,
90,
90,
36,
15,
25,
19,
137,
108,
5,
24,
7,
14,
16,
6,
15,
44,
15,
100,
10,
50,
118,
27,
10,
28,
3058,
42,
35,
57,
10,
25,
460,
1746,
15,
37,
130,
55,
2986,
21,
62,
2631,
77,
40,
25,
20,
78,
10,
15,
50,
3,
80,
19,
15,
37,
12,
73,
10,
5,
44,
36,
5,
71,
47,
4,
39,
30,
36,
65,
60,
42,
13,
38,
24,
30,
11,
37,
100,
39,
50,
50,
28,
46,
117,
9,
180,
20,
19,
38,
80,
27,
10,
20,
78,
53,
20,
35,
15,
96,
40,
25,
110,
10,
20,
31,
4,
20,
50,
10,
13,
18,
2,
35,
109,
24,
24,
110,
50,
6,
13,
34,
4,
50,
77,
57,
109,
20,
30,
6,
8,
5,
52,
10,
45,
215,
156,
60,
5,
28,
96,
20,
47,
72,
10,
20,
20,
56,
50,
157,153,20,26,11,10,45,21,20,5,15,2570,32,25,6,10,20,39,38,15,20,4,69,15,44,68,88,85,60,74,20,85,25,8,20,30,116,14,44,7,61,40,32,20,26,10,29,25,18,30,35,49,30,293,59,19,20,15,5,25,84,20,30,53,18,34,2,29,42,1187,35,20,10,190,205,20,127,152,163,30,5,10,62,63,20,47,30,19,29,129,30,20,128,76,5,12,74,20,5,72,129,42,23,4860,40,431,48,42,862,180,14,1570,40,61,20,35,25,154,104,10,30,26,10,116,49,43,45,3,10,20,6,15,87,17,200,35,30,10,6,35,15,10,40,65,88,25,8,10,55,26,59,35,68,23,33,20,38,260,20,40,4,55,15,35,85,154,3,34,109,56,7,40,10,25,25,47,2259,10,14,47,35,92,76,2059,53,26,58,85,2194,117,97,30,16,4,2254,100,20,25,305,10,33,105,160,110,20,26,20,5,1792,68,34,10,14,28,84,37,40,239,15,99,11,20,202,100,50,15,30,58,5,6,61,63,36,60,20,80,8,10,33,37,23,15,115,24,2,20,4,25,120,25,25,30,47,20,16,15,40,50,32,60,29,18,66,70,5,70,10,16,3822,150,115,10,20,23,25,68,90,63,20,71,1956,31,15,10,125,93,19,25,20,12,40,13,7,18,8,62,62,110,10,110,28,73,237,25,5,40,8,55,70,10,35,22,107,25,35,180,40,90,10,50,50,16,63,16,80,10,19,30,40,40,13,15,26,56,4,20,49,20,151,20,50,104,40,40,10,20,45,15,46,10,77,17,123,9,8,15,40,10,40,20,4,10,145,35,2783,129,10,20,74,30,176,864,26,10,11,14,134,1578,40,50,6,10,5,14,45,15,31,15,5,75,20,30,20,15,8,90,30,55,3,2073,10,21,88,3,10,80,50,20,30,50,40,100,100,45,19,38,10,65,35,10,35,11,150,20,53,3118,20,35,432,102,6,61,46,23,8,4,79,16,16,13,34,90,13,21,4,2,22,15,10,5079,7,10,10,4,52,23,80,15,20,50,10,10,2250,58,89,40,8,20,38,2214,20,10,10,30,25,20,80,160,11,24,15,12,23,32,8,65,30,58,69,1920,20,20,10,629,10,68,142,40,56,20,20,24,70,38,58,10,59,48,70,20,63,171,24,60,9,33,148,27,74,5,2341,97,20,55,13,30,15,10,20,50,136,10,58,45,74,2097,149,24,25,54,33,25,194,22,97,25,90,76,85,40,33,13,182,10,36,14,30,90,52,30,45,18,15,2,13,75,116,82,20,95,20,90,24,6,5,30,33,10,65,64,24,1435,73,27,80,20,45,20,4,10,75,28,65,120,100,39,18,37,27,10,50,20,5,12,31,297,4,28,10,10,80,29,11,10,10,5,50,15,10,10,250,20,55,18,249,37,5,65,20,273,10,129,80,20,35,20,15,161,60,65,1,76,60,63,10,30,129,5,80,50,3628,30,40,4,3446,38,15,32,10,20,58,40,110,10,82,80,15,40,10,37,15,96,45,30,24,79,2865,133,54,1,8,20,190,20,30,13,60,30,10,10,55,107,1666,48,1516,5742,118,57,4,9,15,21,19,79,10,2,5,69,46,16,110,45,15,25,36,199,10,55,125,169,21,1859,40,10,30,51,17,85,70,105,45,175,19,9,30,43,5,10,18,31,113,83,20,5,45,4,45,20,140,29,30,32,5,45,10,165,8,38,29,15,130,5,2,30,8,8,20,46,10,10,89,70,23,6,3163,34,68,43,15,90,105,8,20,10,12,5,30,20,92,5,66,30,132,45,40,15,174,189,40,20,10,6,54,21,35,20,20,20,18,20,1248,40,10,24,121,2363,80,85,29,108,6,8,15,25,6,20,5,20,15,70,35,45,71,83,60,45,40,7,10,12,15,25,5,30,19,18,15,118,30,35,36,178,67,4951,16,20,43,50,202,25,30,41,10,14,66,46,80,16,1,8,10,20,60,130,10,31,30,38,2,20,20,10,70,120,113,50,40,40,88,29,98,5,10,15,35,26,18,79,26,15,20,96,34,31,30,5816,20,55,6,60,16,51,10,10,4,13,6,57,15,94,22,46,13,9,910,80,30,9,25,20,10,23,23,10,15,10,12,5,15,398,40,169,160,13,30,10,385,20,15,20,10,20,106,39,10,24,15,35,20,28,38,138,3,14,20,15,30,120,60,2139,20,10,9,30,30,7,20,20,4,20,130,20,30,30,50,10,49,18,2230,15,69,30,30,2443,5,60,5,58,80,45,5,68,80,47,80,25,32,10,10,4,20,30,129,16,66,10,10,14,15,60,46,10,2,33,30,102,30,143,5,29,26,50,10,20,9,60,20,40,20,50,55,92,15,10,20,10,16,85,67,30,29,14,25,10,59,22,20,7,41,24,162,18,35,45,108,8,7,54,60,36,10,20,2,10,14,50,15,30,74,136,115,10,65,20,90,90,36,15,25,19,137,108,5,24,7,14,16,6,15,44,15,100,10,50,118,27,10,28,3058,42,35,57,10,25,460,1746,15,37,130,55,2986,21,62,2631,77,40,25,20,78,10,15,50,3,80,19,15,37,12,73,10,5,44,36,5,71,47,4,39,30,36,65,60,42,13,38,24,30,11,37,100,39,50,50,28,46,117,9,180,20,19,38,80,27,10,20,78,53,20,35,15,96,40,25,110,10,20,31,4,20,50,10,13,18,2,35,109,24,24,110,50,6,13,34,4,50,77,57,109,20,30,6,8,5,52,10,45,215,156,60,5,28,96,20,47,72,10,20,20,56,50,157,